        4.7810     
        4.9085     
        5.2289     
        5.0223     
        5.1186     
        5.0331     
        5.0433     
        4.7682     
        5.0549     
        5.0174     
        5.0985     
        5.0239     
        4.8340     
        4.9853     
        4.9264     
        5.0164     
        5.1439     
        5.1663     
        5.1038     
        4.9867     
        4.7742     
        5.0796     
        4.9942     
        5.0696     
        5.0648     
        5.0132     
        5.0715     
        5.0666     
        5.0144     
        4.9671     
        5.1754     
        4.9200     
        4.9637     
        5.0140     
        4.9129     
        5.0156     
        5.0139     
        5.0384     
        5.0100     
        5.0312     
        4.8033     
        4.9327     
        5.0177     
        4.9132     
        4.9343     
        4.7805     
        5.0402     
        5.1745     
        4.8825     
        4.8888     
        4.9572     
        5.0709     
        4.8702     
        4.9825     
        4.8987     
        5.1313     
        5.0896     
        5.0084     
        5.0939     
        5.0787     
        5.0248     
        5.0111     
        5.0727     
        4.9874     
        5.0091     
        4.9632     
        5.0211     
        4.9830     
        4.9315     
        5.0930     
        4.9658     
        4.9491     
        5.0253     
        5.2350     
        5.0196     
        4.9515     
        5.1305     
        5.0099     
        5.0699     
        4.9511     
        4.9833     
        5.0640     
        4.8838     
        5.0973     
        4.9265     
        5.2344     
        4.9915     
        5.2079     
        4.9318     
        5.0697     
        5.0524     
        4.7351     
        5.0599     
        5.0686     
        5.0786     
        4.9573     
        5.0302     
        4.9063     
        5.0529     
        4.8269     
