        0.4563
        0.6420
       -0.8130
        2.4649
        6.8929
      -11.4647
       -6.5366
        0.7561
       -5.3704
       -2.2118
        4.9399
        7.8196
        6.3008
        6.3846
       -5.3969
       -5.4521
       -1.7121
       -4.6822
        4.6641
       -2.7691
       -0.6245
        6.1145
        8.3161
       -5.5889
       -2.8488
        2.2240
        2.6518
       -1.8454
       -2.7039
        0.3838
       -1.3554
       -0.1419
        4.8062
       -3.7539
       -1.4141
       -8.4026
        0.2699
        1.4166
        2.1427
       -1.8164
       -8.8446
       -2.2749
       -6.2936
        0.9669
        3.8497
       -6.1834
       -5.3821
       -7.1059
        0.2122
        2.9499
        0.4559
       -2.3774
        3.6861
       -4.5119
       -3.3772
       -1.0514
       -2.5222
        4.2508
        2.7400
       -3.3324
       -3.9523
       -2.9141
       -0.2139
       -0.3780
        0.3091
        6.7283
        0.7220
        4.7466
        9.8427
       -0.2709
       -3.0653
        0.6407
       -1.8854
        0.6750
        6.4245
        0.4451
       -0.3400
       12.8373
       -2.6091
        4.9855
        3.9724
       -0.1925
        6.7398
       -1.0973
        2.5840
       -1.2758
        5.4509
        1.4852
       -2.5032
       -5.6082
        2.1548
       -2.0410
       -6.2226
       -3.7388
       -6.1092
       -0.2857
        4.2558
        0.1566
       -4.4885
        0.3098
